0.556771357883,0.246369149876,0.00486215552645,0.0257211834192,-0.00124528841032,-0.219545026387,-0.23788385563,0.11783528182,-0.334550194097,0.213953309465,-0.223289762203,-0.274462794719,0.0316110595737
0.246369149876,1.1876144416,0.269758897711,0.250340445281,-0.0547569209801,-0.174478827769,-0.229096895518,0.262652784814,-0.0914385854794,0.196355877441,-0.547437321154,-0.249656687489,-0.00533774876348
0.00486215552645,0.269758897711,0.993254669967,0.540279247849,0.0293296788449,-0.0443426125232,-0.0438651639225,0.339079364191,-0.118959629231,0.065396015549,-0.110023371413,-0.0691866804154,0.0219055575223
0.0257211834192,0.250340445281,0.540279247849,0.69477543559,-0.169524017973,0.00806764171622,0.0558296423632,0.190744100763,0.0495998623062,-0.0257345696806,-0.0808003770021,0.118877405413,-0.0503106186582
-0.00124528841032,-0.0547569209801,0.0293296788449,-0.169524017973,0.95007367347,-0.0794120634555,-0.120284562892,-0.222667156668,0.151505950546,0.0710102391595,0.00256663886736,-0.182240147704,0.194538026531
-0.219545026387,-0.174478827769,-0.0443426125232,0.00806764171622,-0.0794120634555,0.741369129146,0.502120136897,-0.317936930529,0.456175139236,-0.218039772513,0.292497696418,0.479727087974,-0.103975740333
-0.23788385563,-0.229096895518,-0.0438651639225,0.0558296423632,-0.120284562892,0.502120136897,0.568939461026,-0.329926630373,0.528785878624,-0.270550522729,0.319565624347,0.515370820113,-0.150689240894
0.11783528182,0.262652784814,0.339079364191,0.190744100763,-0.222667156668,-0.317936930529,-0.329926630373,1.12743489057,-0.364374211572,0.173401797262,-0.131566793154,-0.361738384294,0.0105491601676
-0.334550194097,-0.0914385854794,-0.118959629231,0.0495998623062,0.151505950546,0.456175139236,0.528785878624,-0.364374211572,1.10150800475,-0.28423179674,0.22449520684,0.526412949354,-0.0557148151092
0.213953309465,0.196355877441,0.065396015549,-0.0257345696806,0.0710102391595,-0.218039772513,-0.270550522729,0.173401797262,-0.28423179674,0.394018361723,-0.324717357825,-0.359927815425,0.0908609309024
-0.223289762203,-0.547437321154,-0.110023371413,-0.0808003770021,0.00256663886736,0.292497696418,0.319565624347,-0.131566793154,0.22449520684,-0.324717357825,1.01400982098,0.369230248616,-0.0886536452106
-0.274462794719,-0.249656687489,-0.0691866804154,0.118877405413,-0.182240147704,0.479727087974,0.515370820113,-0.361738384294,0.526412949354,-0.359927815425,0.369230248616,0.809977291783,-0.136055269092
0.0316110595737,-0.00533774876348,0.0219055575223,-0.0503106186582,0.194538026531,-0.103975740333,-0.150689240894,0.0105491601676,-0.0557148151092,0.0908609309024,-0.0886536452106,-0.136055269092,0.208154603584
