0.667910979015,0.0985597455959,0.325156068856,-0.184945387486,0.19899061358,0.341457642741,0.267603347286,0.0169529730203,0.206178187658,0.296372192227,-0.0879596768191,0.111479646532,0.521960851731
0.0985597455959,0.374167101926,0.159964029772,0.00789930139395,0.0989743702202,0.046753570611,0.0216911964197,-0.0121108660014,0.00298238235891,-0.00969470814213,-0.144401773903,0.0780934765724,0.0275740496289
0.325156068856,0.159964029772,1.14838827263,0.246372249506,0.38783592633,0.27627941252,0.215802794823,0.2355039947,0.0795588227752,0.158877013046,-0.0507006676568,0.0626670130666,0.455899197595
-0.184945387486,0.00789930139395,0.246372249506,0.541752197694,0.0668048332021,-0.126312591617,-0.112081269789,0.118877292867,-0.122982493055,-0.127631229303,0.0273723289643,-0.0323952494014,-0.134263685773
0.19899061358,0.0989743702202,0.38783592633,0.0668048332021,0.821201897709,0.157749326488,0.0560673934293,0.0398110040982,0.120708089798,0.112906649571,-0.0492666128976,0.0748608686699,0.182764858881
0.341457642741,0.046753570611,0.27627941252,-0.126312591617,0.157749326488,0.495754436653,0.346545013163,-0.00325872590488,0.245407283362,0.298798540165,-0.136352074277,0.086130010652,0.366081850076
0.267603347286,0.0216911964197,0.215802794823,-0.112081269789,0.0560673934293,0.346545013163,0.301616247684,-0.00781124308439,0.228837220711,0.252119643906,-0.0714679160509,0.0384419431873,0.307355218658
0.0169529730203,-0.0121108660014,0.2355039947,0.118877292867,0.0398110040982,-0.00325872590488,-0.00781124308439,0.293807387199,-0.0745952118201,-0.0317335002611,0.0849015686149,-0.0873193744697,0.00138822322277
0.206178187658,0.00298238235891,0.0795588227752,-0.122982493055,0.120708089798,0.245407283362,0.228837220711,-0.0745952118201,0.586662253141,0.203186528892,-0.005476617966,0.0471801958872,0.219202723057
0.296372192227,-0.00969470814213,0.158877013046,-0.127631229303,0.112906649571,0.298798540165,0.252119643906,-0.0317335002611,0.203186528892,0.359512719216,-0.0495845005452,0.00288411642533,0.399632661311
-0.0879596768191,-0.144401773903,-0.0507006676568,0.0273723289643,-0.0492666128976,-0.136352074277,-0.0714679160509,0.0849015686149,-0.005476617966,-0.0495845005452,0.267878017622,-0.106535262011,-0.015629504607
0.111479646532,0.0780934765724,0.0626670130666,-0.0323952494014,0.0748608686699,0.086130010652,0.0384419431873,-0.0873193744697,0.0471801958872,0.00288411642533,-0.106535262011,0.29101351268,0.0185041043099
0.521960851731,0.0275740496289,0.455899197595,-0.134263685773,0.182764858881,0.366081850076,0.307355218658,0.00138822322277,0.219202723057,0.399632661311,-0.015629504607,0.0185041043099,0.910192794638
