0.659757118913,0.101501559281,0.318728202546,-0.173084720524,0.212523819928,0.305742739673,0.245949946391,0.0308942252465,0.190210578729,0.294541105725,-0.0985960788655,0.100367025208,0.523942183597
0.101501559281,0.381530999992,0.162057001543,0.0107274802464,0.101546738103,0.040471498166,0.0178107118931,-0.0121083159545,0.00309961953924,-0.0114930677229,-0.151350247325,0.07891535293,0.0291251454003
0.318728202546,0.162057001543,1.13001873051,0.248353898573,0.38782660826,0.245780789125,0.196181907819,0.238943926391,0.0652715700056,0.15675345138,-0.060689362156,0.0562283093726,0.457483290108
-0.173084720524,0.0107274802464,0.248353898573,0.522839794428,0.0662683321363,-0.111918608208,-0.102042250463,0.10957892082,-0.120429661761,-0.113465315673,0.0297776293665,-0.0337380927341,-0.118526863642
0.212523819928,0.101546738103,0.38782660826,0.0662683321363,0.831308908884,0.144601970365,0.0486409296712,0.0429239877335,0.116233005321,0.122391337475,-0.0606644408285,0.0766576565688,0.20678834266
0.305742739673,0.040471498166,0.245780789125,-0.111918608208,0.144601970365,0.458896597205,0.319884003449,0.00455309224204,0.226006027464,0.278211640433,-0.136373566578,0.0705552157878,0.330863477738
0.245949946391,0.0178107118931,0.196181907819,-0.102042250463,0.0486409296712,0.319884003449,0.283057973438,-0.00116772966895,0.215468234261,0.240142578997,-0.0737196174311,0.0287660732491,0.28864000592
0.0308942252465,-0.0121083159545,0.238943926391,0.10957892082,0.0429239877335,0.00455309224204,-0.00116772966895,0.290729676235,-0.0705861350786,-0.0230782837878,0.0834945030109,-0.0840099092373,0.0168193607789
0.190210578729,0.00309961953924,0.0652715700056,-0.120429661761,0.116233005321,0.226006027464,0.215468234261,-0.0705861350786,0.580582640775,0.196017208252,-0.00620687014104,0.0401730764357,0.206306624853
0.294541105725,-0.0114930677229,0.15675345138,-0.113465315673,0.122391337475,0.278211640433,0.240142578997,-0.0230782837878,0.196017208252,0.357555699201,-0.0588342005544,-0.000198440724113,0.402857647057
-0.0985960788655,-0.151350247325,-0.060689362156,0.0297776293665,-0.0606644408285,-0.136373566578,-0.0737196174311,0.0834945030109,-0.00620687014104,-0.0588342005544,0.275222013535,-0.102308518933,-0.0313475811415
0.100367025208,0.07891535293,0.0562283093726,-0.0337380927341,0.0766576565688,0.0705552157878,0.0287660732491,-0.0840099092373,0.0401730764357,-0.000198440724113,-0.102308518933,0.281709085142,0.00905390857795
0.523942183597,0.0291251454003,0.457483290108,-0.118526863642,0.20678834266,0.330863477738,0.28864000592,0.0168193607789,0.206306624853,0.402857647057,-0.0313475811415,0.00905390857795,0.92554124939
