0.395759714621,0.284741746761,0.153710260636,0.15506965843,0.00712232182165,-0.0772659884649,-0.0758507594793,0.0125338469505,-0.00303447240055,0.254000752716,-0.129183370461,-0.00337888742964,0.00609632256161
0.284741746761,1.4915931832,0.700031849843,0.622912363198,0.103456061371,-0.0305579832324,-0.148560538973,0.53613861312,0.215515109748,0.538388957999,-0.38811031276,-0.38379816214,0.0858305147265
0.153710260636,0.700031849843,1.37255401268,1.01835872549,0.243418832763,-0.121384141251,-0.0662541923045,0.570371363256,0.142380200605,0.320631212854,-0.205472466923,0.0225268922953,0.131158682544
0.15506965843,0.622912363198,1.01835872549,0.985934480357,0.140154926221,-0.126295613502,0.0286721139914,0.571444729198,0.331210428996,0.327160508223,-0.151792510033,-0.0127191336968,0.0580724210467
0.00712232182165,0.103456061371,0.243418832763,0.140154926221,0.140459187719,0.0676271073187,-0.0669486293313,0.109939540024,-0.0212167098469,0.0883760033066,0.0286292809405,0.00637822515824,0.0730436775629
-0.0772659884649,-0.0305579832324,-0.121384141251,-0.126295613502,0.0676271073187,0.169409455508,0.0217119147848,0.0237802528178,0.0128759460612,-0.0341849627596,0.115940278768,0.0307127373452,0.0154610914142
-0.0758507594793,-0.148560538973,-0.0662541923045,0.0286721139914,-0.0669486293313,0.0217119147848,0.177472482858,0.0376982699282,0.178036410823,-0.0892065062277,0.0541070794627,0.0986950102211,-0.0574951805942
0.0125338469505,0.53613861312,0.570371363256,0.571444729198,0.109939540024,0.0237802528178,0.0376982699282,0.56933848395,0.307994008214,0.269004444373,-0.0916048170675,-0.0841047337602,0.0475243048973
-0.00303447240055,0.215515109748,0.142380200605,0.331210428996,-0.0212167098469,0.0128759460612,0.178036410823,0.307994008214,0.415527534238,0.160200644376,-0.0486694182625,0.0096405298491,0.00631112098487
0.254000752716,0.538388957999,0.320631212854,0.327160508223,0.0883760033066,-0.0341849627596,-0.0892065062277,0.269004444373,0.160200644376,0.451423955551,-0.239701531677,-0.0898896139963,0.133737587192
-0.129183370461,-0.38811031276,-0.205472466923,-0.151792510033,0.0286292809405,0.115940278768,0.0541070794627,-0.0916048170675,-0.0486694182625,-0.239701531677,0.287223533887,0.0938309566935,-0.0572460752923
-0.00337888742964,-0.38379816214,0.0225268922953,-0.0127191336968,0.00637822515824,0.0307127373452,0.0986950102211,-0.0841047337602,0.0096405298491,-0.0898896139963,0.0938309566935,0.249245587953,-0.0141774990624
0.00609632256161,0.0858305147265,0.131158682544,0.0580724210467,0.0730436775629,0.0154610914142,-0.0574951805942,0.0475243048973,0.00631112098487,0.133737587192,-0.0572460752923,-0.0141774990624,0.138238718854
