0.392696338636,0.25296358721,0.142466418306,0.164124583907,-0.0101233958858,-0.0853308060819,-0.0541092451695,0.00225138811804,0.0206958309093,0.236825252087,-0.122839536209,0.0091852381235,0.00068255909253
0.25296358721,1.37595779142,0.685459271479,0.669521877729,0.059756099471,-0.0545245161976,-0.0720140790158,0.5152251015,0.300301945358,0.491102280079,-0.369932971797,-0.334691009204,0.0676174933458
0.142466418306,0.685459271479,1.40664175909,1.04113124907,0.269962580305,-0.120235937741,-0.0644866102322,0.592492986461,0.1486217053,0.33013591551,-0.199293577575,0.0339947166547,0.131398892438
0.164124583907,0.669521877729,1.04113124907,0.9837836271,0.163557635157,-0.117628800777,0.00172058418544,0.588837951856,0.304880850874,0.352831832337,-0.161217417978,-0.0278776981218,0.0653743541182
-0.0101233958858,0.059756099471,0.269962580305,0.163557635157,0.169837119103,0.0666138432941,-0.05519038296,0.131350497577,-0.004409473613,0.0843057455692,0.0481800787674,0.0272067188428,0.0693297990385
-0.0853308060819,-0.0545245161976,-0.120235937741,-0.117628800777,0.0666138432941,0.167491182418,0.034246262325,0.0239122882709,0.0267732913543,-0.0410772462663,0.122032786366,0.0412418291918,0.0125740136344
-0.0541092451695,-0.0720140790158,-0.0644866102322,0.00172058418544,-0.05519038296,0.034246262325,0.136722472923,0.0427442392073,0.132597023157,-0.061919988989,0.0365302447327,0.0673945098779,-0.0471370593463
0.00225138811804,0.5152251015,0.592492986461,0.588837951856,0.131350497577,0.0239122882709,0.0427442392073,0.590152864687,0.318415949707,0.269285415108,-0.0793706197147,-0.0733792569307,0.0456496201516
0.0206958309093,0.300301945358,0.1486217053,0.304880850874,-0.004409473613,0.0267732913543,0.132597023157,0.318415949707,0.36702204163,0.191880280341,-0.0666390769311,-0.0246981984091,0.0180111249567
0.236825252087,0.491102280079,0.33013591551,0.352831832337,0.0843057455692,-0.0410772462663,-0.061919988989,0.269285415108,0.191880280341,0.444470583867,-0.234490352824,-0.0671083821154,0.128378258828
-0.122839536209,-0.369932971797,-0.199293577575,-0.161217417978,0.0481800787674,0.122032786366,0.0365302447327,-0.0793706197147,-0.0666390769311,-0.234490352824,0.293532585629,0.0849539622548,-0.0542166936552
0.0091852381235,-0.334691009204,0.0339947166547,-0.0278776981218,0.0272067188428,0.0412418291918,0.0673945098779,-0.0733792569307,-0.0246981984091,-0.0671083821154,0.0849539622548,0.230971172273,-0.00636238026514
0.00068255909253,0.0676174933458,0.131398892438,0.0653743541182,0.0693297990385,0.0125740136344,-0.0471370593463,0.0456496201516,0.0180111249567,0.128378258828,-0.0542166936552,-0.00636238026514,0.13669414395
