0.665859527731,0.0977444406961,0.32145368468,-0.18176019222,0.19921281333,0.334868553467,0.262704872852,0.0177105799515,0.204290507069,0.293162054086,-0.0890409371857,0.111429890593,0.51916972207
0.0977444406961,0.374864393659,0.158691010795,0.00879964975747,0.0990344412299,0.0442277130006,0.019773234841,-0.0121661904045,0.00219714234567,-0.0110861872839,-0.145070393188,0.0780292170621,0.0262796351934
0.32145368468,0.158691010795,1.14455895928,0.250010890136,0.387460219948,0.267989900475,0.209524779269,0.236102899729,0.0768799416185,0.154534005563,-0.0517318882971,0.0622252991274,0.452208017556
-0.18176019222,0.00879964975747,0.250010890136,0.540241647518,0.0688339644777,-0.122781287015,-0.109484781301,0.118145242502,-0.121691663017,-0.124616601618,0.0274503968954,-0.0320478856488,-0.12996634758
0.19921281333,0.0990344412299,0.387460219948,0.0688339644777,0.818697319422,0.153928152351,0.0534916158948,0.0413511488839,0.117857151292,0.111913856541,-0.0510841571804,0.0751266981475,0.18252513952
0.334868553467,0.0442277130006,0.267989900475,-0.122781287015,0.153928152351,0.486904533216,0.339885666197,-0.00293607185639,0.242191096753,0.29276902227,-0.137327148326,0.0842615406817,0.358348246627
0.262704872852,0.019773234841,0.209524779269,-0.109484781301,0.0534916158948,0.339885666197,0.296643347555,-0.00769247951504,0.226733759066,0.247771180918,-0.0721085822974,0.0372310781723,0.301957218055
0.0177105799515,-0.0121661904045,0.236102899729,0.118145242502,0.0413511488839,-0.00293607185639,-0.00769247951504,0.293903459357,-0.074070114103,-0.0312037304958,0.085349284236,-0.0873442316929,0.00250779157893
0.204290507069,0.00219714234567,0.0768799416185,-0.121691663017,0.117857151292,0.242191096753,0.226733759066,-0.074070114103,0.586071324489,0.201338578638,-0.00612946189096,0.0466709018723,0.216707605952
0.293162054086,-0.0110861872839,0.154534005563,-0.124616601618,0.111913856541,0.29276902227,0.247771180918,-0.0312037304958,0.201338578638,0.356426993806,-0.0504778451478,0.00225535478074,0.396074789628
-0.0890409371857,-0.145070393188,-0.0517318882971,0.0274503968954,-0.0510841571804,-0.137327148326,-0.0721085822974,0.085349284236,-0.00612946189096,-0.0504778451478,0.268483188646,-0.106816307661,-0.0169647826909
0.111429890593,0.0780292170621,0.0622252991274,-0.0320478856488,0.0751266981475,0.0842615406817,0.0372310781723,-0.0873442316929,0.0466709018723,0.00225535478074,-0.106816307661,0.291027133837,0.017932742384
0.51916972207,0.0262796351934,0.452208017556,-0.12996634758,0.18252513952,0.358348246627,0.301957218055,0.00250779157893,0.216707605952,0.396074789628,-0.0169647826909,0.017932742384,0.907576040168
