0.414427054314,0.180175764738,0.239155296154,0.234545393326,0.0345025028733,0.0212846922996,-0.00556441657776,-0.0330427477429,0.175373465936,0.256141210495,-0.0818109406725,-0.00743456081949,0.0161547599927
0.180175764738,0.688645467262,0.2629967119,0.292812083924,0.101809433902,-0.00601544614531,-0.00887305177772,-0.306322145652,0.121040945503,0.222232726771,-0.245739613946,0.0368389485803,0.0378874379713
0.239155296154,0.2629967119,0.446948877219,0.350065034586,0.118678305968,0.0466634063084,0.0252879508218,-0.179700116667,0.0782934776821,0.155716132937,-0.0261507296014,0.0317672058906,-0.0244642559684
0.234545393326,0.292812083924,0.350065034586,0.432475899708,0.138866950969,-0.00583406240176,0.0295842845933,-0.280646272733,0.139644062386,0.220516959699,-0.156431527078,-0.00312771075706,-0.0103866516821
0.0345025028733,0.101809433902,0.118678305968,0.138866950969,0.546834426409,-0.0800077060168,0.0937365365273,-0.314623052546,0.0823852517564,0.0478024635316,0.0232520682507,-0.0289073657332,0.0766149605624
0.0212846922996,-0.00601544614531,0.0466634063084,-0.00583406240176,-0.0800077060168,0.169795166699,0.00612231613393,0.189319608027,0.00845889918109,-0.0474702708057,0.0787888811191,0.000511810747633,-0.0088497143199
-0.00556441657776,-0.00887305177772,0.0252879508218,0.0295842845933,0.0937365365273,0.00612231613393,0.0825183828885,-0.142788861172,-0.0129583227059,0.0107252694393,0.0213527237844,-0.0430679920955,-0.044176408098
-0.0330427477429,-0.306322145652,-0.179700116667,-0.280646272733,-0.314623052546,0.189319608027,-0.142788861172,0.96096347978,0.0148620407561,-0.113929436722,0.188414291895,0.0618267388246,0.0424067733385
0.175373465936,0.121040945503,0.0782934776821,0.139644062386,0.0823852517564,0.00845889918109,-0.0129583227059,0.0148620407561,0.301826782637,0.276090523121,-0.202918366569,-0.0257271638554,0.0666186569068
0.256141210495,0.222232726771,0.155716132937,0.220516959699,0.0478024635316,-0.0474702708057,0.0107252694393,-0.113929436722,0.276090523121,0.805312748619,-0.349382599421,-0.0309267640696,-0.0015484608791
-0.0818109406725,-0.245739613946,-0.0261507296014,-0.156431527078,0.0232520682507,0.0787888811191,0.0213527237844,0.188414291895,-0.202918366569,-0.349382599421,0.465374298999,0.0331759935009,0.0134494131426
-0.00743456081949,0.0368389485803,0.0317672058906,-0.00312771075706,-0.0289073657332,0.000511810747633,-0.0430679920955,0.0618267388246,-0.0257271638554,-0.0309267640696,0.0331759935009,0.0679297655577,0.0248511645612
0.0161547599927,0.0378874379713,-0.0244642559684,-0.0103866516821,0.0766149605624,-0.0088497143199,-0.044176408098,0.0424067733385,0.0666186569068,-0.0015484608791,0.0134494131426,0.0248511645612,0.126552002141
