0.395760001478,0.28474012533,0.153709721351,0.155070316217,0.00712165016692,-0.0772664645527,-0.0758494542029,0.0125340752308,-0.00303259074796,0.25400084195,-0.129183301003,-0.00337796317517,0.00609616969967
0.28474012533,1.49158701914,0.700033574317,0.62291723244,0.103454777214,-0.0305595980024,-0.148555351903,0.536138757823,0.215521534704,0.53838691848,-0.388109085933,-0.383794843773,0.0858296106617
0.153709721351,0.700033574317,1.37255516193,1.01835977688,0.243418648817,-0.121384412456,-0.0662535166737,0.570371871513,0.14238169743,0.320631802889,-0.205473493503,0.0225270267839,0.131159000908
0.155070316217,0.62291723244,1.01835977688,0.985934408072,0.140155412476,-0.126295273917,0.0286706796469,0.571445627921,0.331209462236,0.327162263344,-0.151793986722,-0.0127205381756,0.0580729525426
0.00712165016692,0.103454777214,0.243418648817,0.140155412476,0.140458872446,0.0676269449209,-0.066947502363,0.109939477438,-0.0212152176533,0.0883756344181,0.0286294389794,0.00637896730001,0.0730436305404
-0.0772664645527,-0.0305595980024,-0.121384412456,-0.126295273917,0.0676269449209,0.169409506332,0.0217128211604,0.0237802619739,0.0128769703424,-0.0341855135078,0.115940851341,0.0307134375079,0.0154609413574
-0.0758494542029,-0.148555351903,-0.0662535166737,0.0286706796469,-0.066947502363,0.0217128211604,0.177469794083,0.0376985514443,0.178033314416,-0.089204750974,0.0541059945225,0.0986930231813,-0.0574945248553
0.0125340752308,0.536138757823,0.570371871513,0.571445627921,0.109939477438,0.0237802619739,0.0376985514443,0.569340029275,0.307994862861,0.269004998995,-0.0916047882998,-0.084104660943,0.0475243084269
-0.00303259074796,0.215521534704,0.14238169743,0.331209462236,-0.0212152176533,0.0128769703424,0.178033314416,0.307994862861,0.415524171258,0.160203120286,-0.0486707777941,0.00963821843903,0.00631192204202
0.25400084195,0.53838691848,0.320631802889,0.327162263344,0.0883756344181,-0.0341855135078,-0.089204750974,0.269004998995,0.160203120286,0.451424127334,-0.239701378107,-0.0898883404618,0.133737556566
-0.129183301003,-0.388109085933,-0.205473493503,-0.151793986722,0.0286294389794,0.115940851341,0.0541059945225,-0.0916047882998,-0.0486707777941,-0.239701378107,0.28722356557,0.0938301792925,-0.0572460097194
-0.00337796317517,-0.383794843773,0.0225270267839,-0.0127205381756,0.00637896730001,0.0307134375079,0.0986930231813,-0.084104660943,0.00963821843903,-0.0898883404618,0.0938301792925,0.249244397847,-0.0141769568155
0.00609616969967,0.0858296106617,0.131159000908,0.0580729525426,0.0730436305404,0.0154609413574,-0.0574945248553,0.0475243084269,0.00631192204202,0.133737556566,-0.0572460097194,-0.0141769568155,0.138238846043
