0.664442029046,0.097656999182,0.31977983672,-0.178136175826,0.198295659889,0.328539747154,0.258685686764,0.0199996160923,0.201000601624,0.291418589375,-0.0907758102566,0.110809887497,0.51766081084
0.097656999182,0.375766862836,0.1584656352,0.00991496874827,0.0983563220222,0.0424783868259,0.0186125365603,-0.0118898542998,0.00126564002192,-0.0119140147573,-0.146145413754,0.0780142748425,0.0256179315234
0.31977983672,0.1584656352,1.14296939825,0.253494461933,0.384647048056,0.261324234005,0.205161932368,0.238050155916,0.072971903241,0.152290286765,-0.0537854917671,0.0618094791316,0.450521735235
-0.178136175826,0.00991496874827,0.253494461933,0.537739950422,0.0703671802562,-0.119003175745,-0.106725984591,0.117095802338,-0.120597776028,-0.121229161775,0.0273193133315,-0.0318289368549,-0.125284182721
0.198295659889,0.0983563220222,0.384647048056,0.0703671802562,0.82195338396,0.148645475417,0.049252701891,0.0411497428719,0.117153765734,0.110793527492,-0.0517735173655,0.0756603240845,0.183123691008
0.328539747154,0.0424783868259,0.261324234005,-0.119003175745,0.148645475417,0.478565522685,0.334067051825,-0.00132470764572,0.237806678904,0.287549918178,-0.138377233946,0.081921121149,0.350894026659
0.258685686764,0.0186125365603,0.205161932368,-0.106725984591,0.049252701891,0.334067051825,0.292736584836,-0.00630012925969,0.223531610718,0.244484132794,-0.0731178046876,0.0358102180458,0.297415228745
0.0199996160923,-0.0118898542998,0.238050155916,0.117095802338,0.0411497428719,-0.00132470764572,-0.00630012925969,0.294203079776,-0.0738198250353,-0.0296846575308,0.0851232590332,-0.0869974478862,0.0048655380122
0.201000601624,0.00126564002192,0.072971903241,-0.120597776028,0.117153765734,0.237806678904,0.223531610718,-0.0738198250353,0.585484445072,0.199089083606,-0.00599348658125,0.0458388733358,0.213653124095
0.291418589375,-0.0119140147573,0.152290286765,-0.121229161775,0.110793527492,0.287549918178,0.244484132794,-0.0296846575308,0.199089083606,0.354552304075,-0.0519078099989,0.00184006099682,0.3942219431
-0.0907758102566,-0.146145413754,-0.0537854917671,0.0273193133315,-0.0517735173655,-0.138377233946,-0.0731178046876,0.0851232590332,-0.00599348658125,-0.0519078099989,0.269491880794,-0.106663759026,-0.0189325051181
0.110809887497,0.0780142748425,0.0618094791316,-0.0318289368549,0.0756603240845,0.081921121149,0.0358102180458,-0.0869974478862,0.0458388733358,0.00184006099682,-0.106663759026,0.290232493109,0.0172043701269
0.51766081084,0.0256179315234,0.450521735235,-0.125284182721,0.183123691008,0.350894026659,0.297415228745,0.0048655380122,0.213653124095,0.3942219431,-0.0189325051181,0.0172043701269,0.906769211441
