0.658996599866,0.0980044804745,0.315203928152,-0.175527926731,0.202830533125,0.317476959075,0.251461149988,0.0232716747004,0.196044596602,0.290471497465,-0.0920429478272,0.10653634178,0.515796736633
0.0980044804745,0.377653118457,0.158872161338,0.0109713551009,0.0995762574277,0.0411149299179,0.0176039364628,-0.0121645160898,0.00150577537102,-0.0124885530718,-0.147711786116,0.0782854401775,0.0256505763989
0.315203928152,0.158872161338,1.139080404,0.255822968059,0.388057796271,0.251978415238,0.198641896494,0.239794290478,0.0692347131672,0.150840166969,-0.0548688576223,0.0594490891057,0.449085712515
-0.175527926731,0.0109713551009,0.255822968059,0.53421135105,0.071232358119,-0.116035254566,-0.104656264955,0.11567056728,-0.12022273193,-0.118003663759,0.027915981884,-0.0324567560553,-0.121449767208
0.202830533125,0.0995762574277,0.388057796271,0.071232358119,0.822825548031,0.147038591305,0.0489513152665,0.0434370379662,0.115070142337,0.114480465816,-0.0549575541506,0.0762862751271,0.190143747061
0.317476959075,0.0411149299179,0.251978415238,-0.116035254566,0.147038591305,0.467533160573,0.326125990551,0.000880041122392,0.232467146502,0.28211681187,-0.137524898002,0.0769410444285,0.340980083615
0.251461149988,0.0176039364628,0.198641896494,-0.104656264955,0.0489513152665,0.326125990551,0.287071601572,-0.00474461926132,0.220073601158,0.241243586309,-0.0728522945882,0.0326403089497,0.291789236962
0.0232716747004,-0.0121645160898,0.239794290478,0.11567056728,0.0434370379662,0.000880041122392,-0.00474461926132,0.293433051567,-0.0720541738906,-0.0278546322457,0.085133595911,-0.0858815108356,0.00860498197606
0.196044596602,0.00150577537102,0.0692347131672,-0.12022273193,0.115070142337,0.232467146502,0.220073601158,-0.0720541738906,0.583126464295,0.197520677473,-0.00576385737307,0.0433274562128,0.209774319325
0.290471497465,-0.0124885530718,0.150840166969,-0.118003663759,0.114480465816,0.28211681187,0.241243586309,-0.0278546322457,0.197520677473,0.354464384667,-0.0537639393032,0.000967661778521,0.395196964023
-0.0920429478272,-0.147711786116,-0.0548688576223,0.027915981884,-0.0549575541506,-0.137524898002,-0.0728522945882,0.085133595911,-0.00576385737307,-0.0537639393032,0.270944597056,-0.105078662458,-0.0216759991422
0.10653634178,0.0782854401775,0.0594490891057,-0.0324567560553,0.0762862751271,0.0769410444285,0.0326403089497,-0.0858815108356,0.0433274562128,0.000967661778521,-0.105078662458,0.286957873807,0.0137927325094
0.515796736633,0.0256505763989,0.449085712515,-0.121449767208,0.190143747061,0.340980083615,0.291789236962,0.00860498197606,0.209774319325,0.395196964023,-0.0216759991422,0.0137927325094,0.909329095924
