0.422690904723,0.0728450557956,-0.0364884812124,0.140904241179,-0.00262424758167,-0.00549110222304,0.0124804743248,-0.123293235957,-0.0628358920417,0.0111262807552,-0.00815177860684,0.0255372365671,-0.0242458824892
0.0728450557956,0.930379504165,-0.0417557730084,0.0154723976297,0.0712995770813,0.0882321049719,0.0950182752613,0.0321893422737,0.263170266849,-0.0591743423949,-0.320562038949,0.0859327640851,-0.0595295120115
-0.0364884812124,-0.0417557730084,1.05049702037,0.535109097301,0.294868274111,0.0854947511543,0.272915314876,0.258027115517,-0.100983509693,0.16177965918,0.127398269125,0.0775460610273,0.0973331454207
0.140904241179,0.0154723976297,0.535109097301,0.780448813298,0.215980742578,0.108906099237,0.176423449935,0.13672226013,-0.0486168424224,0.061852031253,0.0632116332651,0.1225746963,0.0998792699678
-0.00262424758167,0.0712995770813,0.294868274111,0.215980742578,0.68047106827,0.258392921809,0.209529776373,-0.122576881002,0.0838305040132,0.103283514749,0.0545241827154,0.0897060032696,0.123484109582
-0.00549110222304,0.0882321049719,0.0854947511543,0.108906099237,0.258392921809,0.752120644166,0.437257680788,-0.496886288245,0.369928878882,0.08574624506,-0.0331670558744,0.240658462335,0.0484904517673
0.0124804743248,0.0950182752613,0.272915314876,0.176423449935,0.209529776373,0.437257680788,0.448796371721,-0.163022687492,0.280911239606,0.130695446646,-0.0762891301162,0.196658674463,-0.0203409930398
-0.123293235957,0.0321893422737,0.258027115517,0.13672226013,-0.122576881002,-0.496886288245,-0.163022687492,0.918446524034,-0.246914941825,-0.0170139011951,0.108985412888,-0.220310293162,-0.0789594038996
-0.0628358920417,0.263170266849,-0.100983509693,-0.0486168424224,0.0838305040132,0.369928878882,0.280911239606,-0.246914941825,0.795890653924,-0.00616076388808,-0.130514748736,0.139123208188,0.0154918973559
0.0111262807552,-0.0591743423949,0.16177965918,0.061852031253,0.103283514749,0.08574624506,0.130695446646,-0.0170139011951,-0.00616076388808,0.111894504709,-0.0263164048949,0.0206973999852,0.0125243883025
-0.00815177860684,-0.320562038949,0.127398269125,0.0632116332651,0.0545241827154,-0.0331670558744,-0.0762891301162,0.108985412888,-0.130514748736,-0.0263164048949,0.944162304565,-0.116326240714,0.0295233567253
0.0255372365671,0.0859327640851,0.0775460610273,0.1225746963,0.0897060032696,0.240658462335,0.196658674463,-0.220310293162,0.139123208188,0.0206973999852,-0.116326240714,0.30758957333,0.0295271157115
-0.0242458824892,-0.0595295120115,0.0973331454207,0.0998792699678,0.123484109582,0.0484904517673,-0.0203409930398,-0.0789594038996,0.0154918973559,0.0125243883025,0.0295233567253,0.0295271157115,0.204882150585
