0.622570595147,-0.0813712530028,0.239951374735,0.227940038531,-0.561674626527,0.450331583492,0.000578742955669,0.463917297002,0.105113770893,0.902715007219,-0.38792143704,-0.125091902572,-0.116981782268
-0.0813712530028,0.332781628791,0.304501429139,0.50638112629,-0.323700914797,-0.0713183201154,-0.186560881338,0.162083928509,-0.289260666037,0.157825423003,-0.181223267565,-0.0412594771249,-0.0382194995519
0.239951374735,0.304501429139,0.813716504253,0.793688225994,-0.596292203985,0.23848027797,-0.245848779097,0.180405913291,-0.305653172609,0.74796921507,-0.508246284244,-0.141508174478,-0.218519645628
0.227940038531,0.50638112629,0.793688225994,1.17830436909,-0.885850651705,0.0825418043926,-0.302757442852,0.372019514182,-0.27534208534,0.954585034533,-0.686917661023,-0.223357315937,-0.162841692389
-0.561674626527,-0.323700914797,-0.596292203985,-0.885850651705,2.04906377024,0.0132972716951,0.496262727411,-0.982074860681,1.04476165685,-1.32264550842,0.92419193787,0.465104407962,0.205498328846
0.450331583492,-0.0713183201154,0.23848027797,0.0825418043926,0.0132972716951,0.775565477798,0.100516151433,0.588323744715,0.536370981834,0.641421044517,-0.0389412954301,0.186165512127,-0.00721000346235
0.000578742955669,-0.186560881338,-0.245848779097,-0.302757442852,0.496262727411,0.100516151433,0.204664107514,-0.178918768984,0.486065158469,-0.15713188814,0.199534832566,0.11246283565,0.0602658212959
0.463917297002,0.162083928509,0.180405913291,0.372019514182,-0.982074860681,0.588323744715,-0.178918768984,1.47387108342,-0.118708679124,0.869793823295,-0.212172992301,0.0802372975993,0.174723410004
0.105113770893,-0.289260666037,-0.305653172609,-0.27534208534,1.04476165685,0.536370981834,0.486065158469,-0.118708679124,2.33005194699,0.542101539909,0.214211653903,0.490810526706,0.209687279067
0.902715007219,0.157825423003,0.74796921507,0.954585034533,-1.32264550842,0.641421044517,-0.15713188814,0.869793823295,0.542101539909,2.13331298012,-1.04626570348,-0.245653606762,-0.209216362319
-0.38792143704,-0.181223267565,-0.508246284244,-0.686917661023,0.92419193787,-0.0389412954301,0.199534832566,-0.212172992301,0.214211653903,-1.04626570348,0.74296882772,0.357831928233,0.217698316054
-0.125091902572,-0.0412594771249,-0.141508174478,-0.223357315937,0.465104407962,0.186165512127,0.11246283565,0.0802372975993,0.490810526706,-0.245653606762,0.357831928233,0.320976606118,0.141089897861
-0.116981782268,-0.0382194995519,-0.218519645628,-0.162841692389,0.205498328846,-0.00721000346235,0.0602658212959,0.174723410004,0.209687279067,-0.209216362319,0.217698316054,0.141089897861,0.209103137844
