0.661112812201,0.110321802511,0.32764575537,-0.169824494357,0.233329228384,0.273929356626,0.231132709492,0.0506004489574,0.181100620793,0.291617549438,-0.104902371773,0.0956033764162,0.535223809752
0.110321802511,0.387459751678,0.164060698882,0.00580868508424,0.108379739715,0.032407377983,0.0156462840328,-0.00910386184607,0.00363677857921,-0.00976731286169,-0.156327283361,0.081135474367,0.04032012076
0.32764575537,0.164060698882,1.06618901845,0.201093278653,0.369050201345,0.2293895273,0.188998765793,0.218322459596,0.0564608454949,0.168131731738,-0.0681972898807,0.0502613312306,0.472947159316
-0.169824494357,0.00580868508424,0.201093278653,0.486387404147,0.0408884424061,-0.101085901347,-0.096547481134,0.0831439280408,-0.121454686697,-0.101434833904,0.0317591309712,-0.0386336807744,-0.115880941097
0.233329228384,0.108379739715,0.369050201345,0.0408884424061,0.829447862101,0.131758762253,0.0466147492788,0.0407699571543,0.111388877251,0.133572098099,-0.0716377877994,0.0780358708962,0.234483860244
0.273929356626,0.032407377983,0.2293895273,-0.101085901347,0.131758762253,0.457435327865,0.312049674698,0.00155961931586,0.218637705603,0.267519814848,-0.127296881818,0.0594338690408,0.296490350872
0.231132709492,0.0156462840328,0.188998765793,-0.096547481134,0.0466147492788,0.312049674698,0.275897366962,0.00122545041118,0.210162491274,0.234313396623,-0.0708942054932,0.0229336944103,0.275033088365
0.0506004489574,-0.00910386184607,0.218322459596,0.0831439280408,0.0407699571543,0.00155961931586,0.00122545041118,0.281456665595,-0.0694943935672,-0.0122817215685,0.07704534026,-0.0811675721085,0.0397019110953
0.181100620793,0.00363677857921,0.0564608454949,-0.121454686697,0.111388877251,0.218637705603,0.210162491274,-0.0694943935672,0.575930080841,0.193174642889,-0.0055326550417,0.0352809928649,0.198223882681
0.291617549438,-0.00976731286169,0.168131731738,-0.101434833904,0.133572098099,0.267519814848,0.234313396623,-0.0122817215685,0.193174642889,0.353452485573,-0.061279248958,-0.00137347273217,0.402778216838
-0.104902371773,-0.156327283361,-0.0681972898807,0.0317591309712,-0.0716377877994,-0.127296881818,-0.0708942054932,0.07704534026,-0.0055326550417,-0.061279248958,0.27878983261,-0.101243511203,-0.0422077165061
0.0956033764162,0.081135474367,0.0502613312306,-0.0386336807744,0.0780358708962,0.0594338690408,0.0229336944103,-0.0811675721085,0.0352809928649,-0.00137347273217,-0.101243511203,0.276397085258,0.00670185489073
0.535223809752,0.04032012076,0.472947159316,-0.115880941097,0.234483860244,0.296490350872,0.275033088365,0.0397019110953,0.198223882681,0.402778216838,-0.0422077165061,0.00670185489073,0.948648397089
