0.654543284211,0.112822452566,0.321855648048,-0.168334520447,0.236251624995,0.247288918923,0.218794031282,0.0677619591549,0.170366734147,0.287795424239,-0.103397151006,0.0859955371211,0.532408529732
0.112822452566,0.390704722072,0.164441613572,0.00390618035695,0.109414260017,0.0295800791458,0.0147609428327,-0.00802406819471,0.0030933010358,-0.00978699554868,-0.157799570007,0.0825859415597,0.0430230968393
0.321855648048,0.164441613572,1.02585070328,0.175792854723,0.349957448238,0.215971882718,0.181616210661,0.209984530217,0.044747662496,0.171272853862,-0.0689211673119,0.0420641645718,0.471175183152
-0.168334520447,0.00390618035695,0.175792854723,0.465118956964,0.0284360638609,-0.096576929595,-0.0941683851662,0.0686990584962,-0.122709639011,-0.0938060971916,0.0327517697496,-0.042755306924,-0.113083032307
0.236251624995,0.109414260017,0.349957448238,0.0284360638609,0.830442363667,0.122069366527,0.0414823170365,0.0376890855009,0.108290992779,0.135619915154,-0.0737516517702,0.0773945652514,0.240859564037
0.247288918923,0.0295800791458,0.215971882718,-0.096576929595,0.122069366527,0.44923747266,0.302915089048,0.00391642694126,0.207831588157,0.259565201215,-0.120465559665,0.0483185080673,0.270987174555
0.218794031282,0.0147609428327,0.181616210661,-0.0941683851662,0.0414823170365,0.302915089048,0.269973304758,0.00643294642583,0.203459720973,0.230508479938,-0.0679524523792,0.0162401586121,0.264108922807
0.0677619591549,-0.00802406819471,0.209984530217,0.0686990584962,0.0376890855009,0.00391642694126,0.00643294642583,0.277537252391,-0.0667544285396,-0.00373127996616,0.0725089334377,-0.0785470813206,0.0567178400161
0.170366734147,0.0030933010358,0.044747662496,-0.122709639011,0.108290992779,0.207831588157,0.203459720973,-0.0667544285396,0.572744106355,0.189619229814,-0.0026763832336,0.0289977020156,0.188936254857
0.287795424239,-0.00978699554868,0.171272853862,-0.0938060971916,0.135619915154,0.259565201215,0.230508479938,-0.00373127996616,0.189619229814,0.350580542926,-0.0611290554493,-0.00372924076501,0.399684802713
-0.103397151006,-0.157799570007,-0.0689211673119,0.0327517697496,-0.0737516517702,-0.120465559665,-0.0679524523792,0.0725089334377,-0.0026763832336,-0.0611290554493,0.278948769362,-0.0988057958779,-0.0425743756104
0.0859955371211,0.0825859415597,0.0420641645718,-0.042755306924,0.0773945652514,0.0483185080673,0.0162401586121,-0.0785470813206,0.0289977020156,-0.00372924076501,-0.0988057958779,0.269409302843,-0.00100357823332
0.532408529732,0.0430230968393,0.471175183152,-0.113083032307,0.240859564037,0.270987174555,0.264108922807,0.0567178400161,0.188936254857,0.399684802713,-0.0425743756104,-0.00100357823332,0.951589778765
