0.622577708712,-0.0813643014317,0.239960716604,0.227956861356,-0.561693792749,0.450338032579,0.000573720613693,0.463940500129,0.105108597385,0.902736824268,-0.387933392407,-0.125095789769,-0.116979164484
-0.0813643014317,0.332768876313,0.304495613432,0.506361514072,-0.323685625759,-0.0713157310365,-0.186553050389,0.162054175142,-0.289249668375,0.157815076784,-0.181214818432,-0.041256143818,-0.0382302167953
0.239960716604,0.304495613432,0.813723752127,0.793685106373,-0.596290525948,0.238485859297,-0.245846344354,0.180388315228,-0.305649643588,0.747974246463,-0.508248528519,-0.141508676594,-0.218529962008
0.227956861356,0.506361514072,0.793685106373,1.17828134749,-0.885833971362,0.0825492964333,-0.30274575204,0.371976288184,-0.275322159062,0.954581715787,-0.686911837969,-0.223354942434,-0.162859866303
-0.561693792749,-0.323685625759,-0.596290525948,-0.885833971362,2.04907547383,0.0132919603262,0.496259025521,-0.982056933067,1.04476086043,-1.32265421581,0.924194631025,0.465107390419,0.205512656808
0.450338032579,-0.0713157310365,0.238485859297,0.0825492964333,0.0132919603262,0.775575809698,0.100515848299,0.588337526654,0.536375004588,0.641434404557,-0.0389452197043,0.18616669544,-0.00720928820666
0.000573720613693,-0.186553050389,-0.245846344354,-0.30274575204,0.496259025521,0.100515848299,0.204661042896,-0.178902135117,0.486064269191,-0.157126757764,0.199531462787,0.112462495714,0.0602729960602
0.463940500129,0.162054175142,0.180388315228,0.371976288184,-0.982056933067,0.588337526654,-0.178902135117,1.47383546319,-0.118685298509,0.869785293879,-0.212157428468,0.0802441832941,0.174707226147
0.105108597385,-0.289249668375,-0.305649643588,-0.275322159062,1.04476086043,0.536375004588,0.486064269191,-0.118685298509,2.33007719153,0.542121882837,0.214204655543,0.490814583398,0.209698625883
0.902736824268,0.157815076784,0.747974246463,0.954581715787,-1.32265421581,0.641434404557,-0.157126757764,0.869785293879,0.542121882837,2.13334101029,-1.04627606193,-0.245655359359,-0.209227419273
-0.387933392407,-0.181214818432,-0.508248528519,-0.686911837969,0.924194631025,-0.0389452197043,0.199531462787,-0.212157428468,0.214204655543,-1.04627606193,0.742974304906,0.357835245381,0.217708006396
-0.125095789769,-0.041256143818,-0.141508676594,-0.223354942434,0.465107390419,0.18616669544,0.112462495714,0.0802441832941,0.490814583398,-0.245655359359,0.357835245381,0.320980722387,0.141093953241
-0.116979164484,-0.0382302167953,-0.218529962008,-0.162859866303,0.205512656808,-0.00720928820666,0.0602729960602,0.174707226147,0.209698625883,-0.209227419273,0.217708006396,0.141093953241,0.209100757812
