0.529046005004,0.0322422295554,0.0744251834155,-0.137518357165,0.110536918572,0.0303388986058,0.0336429180919,0.063180015403,0.0885378160876,0.11157175483,0.0394400242588,0.0509161490411,0.303965845168
0.0322422295554,0.443939387064,0.10797926578,0.123000440956,0.115683135143,-0.0425473801707,-0.0609886968849,0.0231975420441,-0.087347567806,-0.0307952461666,-0.169271218589,0.0536564502635,-0.0233862107374
0.0744251834155,0.10797926578,0.713065183095,0.223669473671,0.23412263845,-0.076245310061,-0.0563746430762,0.120179491514,-0.0748388604348,-0.00969012196525,0.0370024428487,0.0445518619476,0.212145065991
-0.137518357165,0.123000440956,0.223669473671,0.445998050728,0.0953361949945,-0.053177078195,-0.0660866254629,-0.0104587363486,-0.119460162933,-0.0720046780144,-0.0529831009726,0.0252150334052,-0.0811397341589
0.110536918572,0.115683135143,0.23412263845,0.0953361949945,0.336785028154,-0.00619897590796,-0.0293952167906,0.0345416077699,-0.105776899464,0.0278969821814,-0.0666649439501,0.0400362508897,0.131862187054
0.0303388986058,-0.0425473801707,-0.076245310061,-0.053177078195,-0.00619897590796,0.202522603577,0.142550894455,-0.00238813521866,0.130046727055,0.0879349890603,-0.0432750190831,-0.00254421855759,-0.0196095558788
0.0336429180919,-0.0609886968849,-0.0563746430762,-0.0660866254629,-0.0293952167906,0.142550894455,0.145006124295,-0.00714989619381,0.182817725069,0.0914578879,0.023998610273,-0.0303812687587,0.0135681298178
0.063180015403,0.0231975420441,0.120179491514,-0.0104587363486,0.0345416077699,-0.00238813521866,-0.00714989619381,0.174172148201,-0.0101676508057,-0.0500388717388,0.0225922737566,-0.0686429389544,-0.016593865973
0.0885378160876,-0.087347567806,-0.0748388604348,-0.119460162933,-0.105776899464,0.130046727055,0.182817725069,-0.0101676508057,0.570077058135,0.173990395073,0.119252748357,-0.0491510367187,0.018069167512
0.11157175483,-0.0307952461666,-0.00969012196525,-0.0720046780144,0.0278969821814,0.0879349890603,0.0914578879,-0.0500388717388,0.173990395073,0.174789859823,-0.00126098383044,-0.0185261831027,0.128982526207
0.0394400242588,-0.169271218589,0.0370024428487,-0.0529831009726,-0.0666649439501,-0.0432750190831,0.023998610273,0.0225922737566,0.119252748357,-0.00126098383044,0.228362422631,-0.0632856288517,0.0740967516595
0.0509161490411,0.0536564502635,0.0445518619476,0.0252150334052,0.0400362508897,-0.00254421855759,-0.0303812687587,-0.0686429389544,-0.0491510367187,-0.0185261831027,-0.0632856288517,0.286783276385,-0.0162942035482
0.303965845168,-0.0233862107374,0.212145065991,-0.0811397341589,0.131862187054,-0.0196095558788,0.0135681298178,-0.016593865973,0.018069167512,0.128982526207,0.0740967516595,-0.0162942035482,0.542363771516
