0.490059242412,0.229911942816,0.299622797613,0.266215801091,0.0509710068711,0.0205021870711,-0.0369444507664,-0.00969157788553,0.165297089273,0.327025290511,-0.187084032493,-0.0397544685044,0.0352652796482
0.229911942816,0.69647968403,0.303789216653,0.321581789884,0.111849383096,-0.00277340494082,-0.0294048386876,-0.276354201479,0.119645574521,0.270544331586,-0.307393540763,0.0130650071256,0.0568065387662
0.299622797613,0.303789216653,0.518562243952,0.428528847853,0.121636377209,0.0560148345673,-0.0113326952016,-0.121979239872,0.0746999515931,0.234957036659,-0.142687780613,-0.00598671667976,0.0202458638288
0.266215801091,0.321581789884,0.428528847853,0.532769935098,0.133842177414,0.00935026080393,-0.00611533388867,-0.197718295561,0.132901761425,0.276192833077,-0.248283145387,-0.030193494152,0.0405956418147
0.0509710068711,0.111849383096,0.121636377209,0.133842177414,0.529819154172,-0.0781394924055,0.0867108056153,-0.310270124542,0.0789536482119,0.0646424466047,-0.00137549087943,-0.0360290034714,0.0761547005569
0.0205021870711,-0.00277340494082,0.0560148345673,0.00935026080393,-0.0781394924055,0.168543723601,0.0019991629729,0.197862263949,0.00938269237992,-0.0411031248986,0.0705384190175,0.000462431658828,-0.00144441761048
-0.0369444507664,-0.0294048386876,-0.0113326952016,-0.00611533388867,0.0867108056153,0.0019991629729,0.0949610512046,-0.158364111898,-0.0130437869178,-0.0259947440338,0.069568678483,-0.0266304952494,-0.0602723796933
-0.00969157788553,-0.276354201479,-0.121979239872,-0.197718295561,-0.310270124542,0.197862263949,-0.158364111898,0.974794435125,0.020605842051,-0.0601726155943,0.118729615599,0.0395979567868,0.0804503334335
0.165297089273,0.119645574521,0.0746999515931,0.132901761425,0.0789536482119,0.00938269237992,-0.0130437869178,0.020605842051,0.290418881724,0.262593358495,-0.192506761212,-0.0216042561272,0.063101978232
0.327025290511,0.270544331586,0.234957036659,0.276192833077,0.0646424466047,-0.0411031248986,-0.0259947440338,-0.0601726155943,0.262593358495,0.852876328098,-0.440868687371,-0.0558101072393,0.0257224441962
-0.187084032493,-0.307393540763,-0.142687780613,-0.248283145387,-0.00137549087943,0.0705384190175,0.069568678483,0.118729615599,-0.192506761212,-0.440868687371,0.59490371767,0.0720519667712,-0.0293863834302
-0.0397544685044,0.0130650071256,-0.00598671667976,-0.030193494152,-0.0360290034714,0.000462431658828,-0.0266304952494,0.0395979567868,-0.0216042561272,-0.0558101072393,0.0720519667712,0.0747079985755,0.0145784986927
0.0352652796482,0.0568065387662,0.0202458638288,0.0405956418147,0.0761547005569,-0.00144441761048,-0.0602723796933,0.0804503334335,0.063101978232,0.0257224441962,-0.0293863834302,0.0145784986927,0.144641355013
