0.499811594047,0.205117028533,0.0477895653981,0.688839284988,0.87722272221,-0.119668625333,-0.301136336905,0.0121653442729,-0.0877770574245,1.40359494361,-0.0696457555673,-0.21871973692,2.04048392475
0.205117028533,1.33744567806,0.0587908927581,0.87172753934,1.5292835597,-0.206389649869,-0.355261797017,0.0175572995458,-0.107499413403,0.770029102378,-0.105336434219,-0.210114651982,8.44544173775
0.0477895653981,0.0587908927581,0.0682682785165,0.381516542906,0.638389297637,-0.0234460414272,-0.0505678043159,0.00743773336179,-0.0145430702343,0.228169847916,-0.0133372776103,-0.0424515011831,-3.62155411058
0.688839284988,0.87172753934,0.381516542906,5.3859011015,6.03312448337,-0.134492142574,-0.5466511598,-0.0132767639327,0.144361432551,3.27742659677,-0.238273178312,-0.397369551879,-53.9500779178
0.87722272221,1.5292835597,0.638389297637,6.03312448337,94.5224618129,-1.00676495508,-0.0135166396636,-0.500533583159,-0.174066256313,3.00424110673,-0.329754204019,-2.19994249141,-347.741493857
-0.119668625333,-0.206389649869,-0.0234460414272,-0.134492142574,-1.00676495508,0.273100289403,0.316180526417,-0.014668895865,0.226365718597,-0.381919685219,0.0338368176368,0.202873329195,-1.19819369151
-0.301136336905,-0.355261797017,-0.0505678043159,-0.5466511598,-0.0135166396636,0.316180526417,0.642173613446,-0.0577469221615,0.272065628066,-1.01538953583,0.0829695780504,0.343612046532,-6.64440501869
0.0121653442729,0.0175572995458,0.00743773336179,-0.0132767639327,-0.500533583159,-0.014668895865,-0.0577469221615,0.0178757919191,-0.0162935418579,0.0730920603104,-0.00127762461642,-0.018493960308,2.94839011072
-0.0877770574245,-0.107499413403,-0.0145430702343,0.144361432551,-0.174066256313,0.226365718597,0.272065628066,-0.0162935418579,0.364167259498,0.170647494989,-0.0142857561258,0.135372983226,-2.37323526626
1.40359494361,0.770029102378,0.228169847916,3.27742659677,3.00424110673,-0.381919685219,-1.01538953583,0.0730920603104,0.170647494989,7.67645200184,-0.406989862543,-1.00271839089,-15.7607994504
-0.0696457555673,-0.105336434219,-0.0133372776103,-0.238273178312,-0.329754204019,0.0338368176368,0.0829695780504,-0.00127762461642,-0.0142857561258,-0.406989862543,0.0444152926627,0.0736491537975,3.10747118823
-0.21871973692,-0.210114651982,-0.0424515011831,-0.397369551879,-2.19994249141,0.202873329195,0.343612046532,-0.018493960308,0.135372983226,-1.00271839089,0.0736491537975,0.383632101028,8.19248172348
2.04048392475,8.44544173775,-3.62155411058,-53.9500779178,-347.741493857,-1.19819369151,-6.64440501869,2.94839011072,-2.37323526626,-15.7607994504,3.10747118823,8.19248172348,5195.00901239
