0.389920669632,0.270180710864,0.140371868016,0.153525042997,-0.00867649746939,-0.0802877686771,-0.0644271919998,0.00226948445328,0.00729691804086,0.241564090977,-0.127902340543,-0.000112535281504,0.0037511269257
0.270180710864,1.42068327101,0.671753327518,0.627153426458,0.0717997183279,-0.0419597624432,-0.111791125671,0.511809813025,0.249646517134,0.5045834314,-0.375457070059,-0.359863366875,0.0764053118095
0.140371868016,0.671753327518,1.38230491767,1.02010042753,0.272531137437,-0.117114365826,-0.0668097847705,0.586155977144,0.142408027806,0.322576825376,-0.190628635926,0.032988964164,0.128725294647
0.153525042997,0.627153426458,1.02010042753,0.973320025776,0.158554383013,-0.119731177682,0.0156838132949,0.577060140973,0.314553951764,0.33414802919,-0.14885855063,-0.0159818870691,0.0600128521481
-0.00867649746939,0.0717997183279,0.272531137437,0.158554383013,0.175610987129,0.0687334945629,-0.0636397923342,0.135541387326,-0.0140741770916,0.0916702790592,0.0444685546915,0.0221015353508,0.0701811915519
-0.0802877686771,-0.0419597624432,-0.117114365826,-0.119731177682,0.0687334945629,0.165962149328,0.0264678259044,0.0255395525164,0.0187401281287,-0.0365988939699,0.118083120782,0.0354080293395,0.0138420717609
-0.0644271919998,-0.111791125671,-0.0668097847705,0.0156838132949,-0.0636397923342,0.0264678259044,0.157567465132,0.0367740818052,0.155700033194,-0.076509867839,0.0443822987059,0.0830664243837,-0.0520930525585
0.00226948445328,0.511809813025,0.586155977144,0.577060140973,0.135541387326,0.0255395525164,0.0367740818052,0.581313973294,0.306453987617,0.270146114997,-0.0798920210912,-0.0734193611368,0.0461162014022
0.00729691804086,0.249646517134,0.142408027806,0.314553951764,-0.0140741770916,0.0187401281287,0.155700033194,0.306453987617,0.387827246834,0.171942505216,-0.0566988023091,-0.00531320101939,0.0114033935411
0.241564090977,0.5045834314,0.322576825376,0.33414802919,0.0916702790592,-0.0365988939699,-0.076509867839,0.270146114997,0.171942505216,0.439042529505,-0.228315272042,-0.0771070366585,0.128777152994
-0.127902340543,-0.375457070059,-0.190628635926,-0.14885855063,0.0444685546915,0.118083120782,0.0443822987059,-0.0798920210912,-0.0566988023091,-0.228315272042,0.284881363459,0.0908001838085,-0.0546436015994
-0.000112535281504,-0.359863366875,0.032988964164,-0.0159818870691,0.0221015353508,0.0354080293395,0.0830664243837,-0.0734193611368,-0.00531320101939,-0.0771070366585,0.0908001838085,0.239438185531,-0.0106748463407
0.0037511269257,0.0764053118095,0.128725294647,0.0600128521481,0.0701811915519,0.0138420717609,-0.0520930525585,0.0461162014022,0.0114033935411,0.128777152994,-0.0546436015994,-0.0106748463407,0.135273196228
