0.363691063181,-0.0444561997709,0.108234946495,0.0124967402718,-0.0879403498576,0.117897576452,0.0191093332772,0.028365011019,0.199463912194,0.132973070037,0.0198836598063,0.0472531541046,-0.0349010776625
-0.0444561997709,0.890102123193,-0.136835718354,-0.11780765386,0.00487532986576,-0.191417443351,-0.100222209252,0.106613305061,-0.31761795174,-0.324723218045,0.0419568184574,-0.0442296237236,0.0518572960451
0.108234946495,-0.136835718354,0.401638108562,0.353820638232,0.0764274599498,0.200527591782,0.0680794571377,-0.104073384113,0.144766943746,0.023483862949,0.0570329646484,0.056663894073,-0.020913071973
0.0124967402718,-0.11780765386,0.353820638232,0.456947457496,0.0819934820724,0.159523132818,0.0517443028899,-0.0524071015344,0.090284686634,-0.0538362581605,0.0738572666328,0.0402042701051,0.0232424581934
-0.0879403498576,0.00487532986576,0.0764274599498,0.0819934820724,0.590915236608,-0.0993563188909,0.0764106712787,-0.316415174332,-0.00859759976622,0.00964978087687,0.0295154478933,-0.0605142302674,0.0620096568346
0.117897576452,-0.191417443351,0.200527591782,0.159523132818,-0.0993563188909,0.347623233234,0.0542148507186,0.168195340143,0.355372080257,0.150076561338,-0.0457590187954,0.0591085150876,-0.010014123911
0.0191093332772,-0.100222209252,0.0680794571377,0.0517443028899,0.0764106712787,0.0542148507186,0.0679583705564,-0.122005705263,0.0963041935653,0.0779780207831,-0.0262493742899,-0.00843299603192,-0.0486854130515
0.028365011019,0.106613305061,-0.104073384113,-0.0524071015344,-0.316415174332,0.168195340143,-0.122005705263,0.754200832181,0.198732221384,-0.00119986123386,-0.0118766516071,0.0359810416648,0.146790347604
0.199463912194,-0.31761795174,0.144766943746,0.090284686634,-0.00859759976622,0.355372080257,0.0963041935653,0.198732221384,0.597247691234,0.313738246421,-0.0495223422904,0.0469868414617,0.0118338959624
0.132973070037,-0.324723218045,0.023483862949,-0.0538362581605,0.00964978087687,0.150076561338,0.0779780207831,-0.00119986123386,0.313738246421,0.404816272113,-0.0383454718952,0.0362144530626,-0.0330108536802
0.0198836598063,0.0419568184574,0.0570329646484,0.0738572666328,0.0295154478933,-0.0457590187954,-0.0262493742899,-0.0118766516071,-0.0495223422904,-0.0383454718952,0.125867769778,0.0135246058027,0.0493154543904
0.0472531541046,-0.0442296237236,0.056663894073,0.0402042701051,-0.0605142302674,0.0591085150876,-0.00843299603192,0.0359810416648,0.0469868414617,0.0362144530626,0.0135246058027,0.0472160876923,0.0209460049025
-0.0349010776625,0.0518572960451,-0.020913071973,0.0232424581934,0.0620096568346,-0.010014123911,-0.0486854130515,0.146790347604,0.0118338959624,-0.0330108536802,0.0493154543904,0.0209460049025,0.139124515617
