0.395759087252,0.284744594615,0.153709120387,0.155067190321,0.0071229372593,-0.0772648587421,-0.0758525171866,0.0125345672017,-0.00303648811858,0.254001586782,-0.129183847527,-0.00338055865994,0.00609709141585
0.284744594615,1.49159987524,0.700030265494,0.622905287937,0.103458759408,-0.0305555425225,-0.148567079344,0.536136749357,0.215505856157,0.538391984049,-0.388111725914,-0.383801493376,0.0858323224673
0.153709120387,0.700030265494,1.37254594433,1.01835247778,0.243417393717,-0.121383344047,-0.0662539604805,0.570368060958,0.142379881782,0.320630250309,-0.205472330348,0.0225262033439,0.131158438418
0.155067190321,0.622905287937,1.01835247778,0.985930395397,0.140153060729,-0.126295689353,0.0286745731363,0.571441158625,0.331211914802,0.327157217606,-0.151791063727,-0.0127174497762,0.0580716265848
0.0071229372593,0.103458759408,0.243417393717,0.140153060729,0.140458901127,0.067627229077,-0.0669496410012,0.109939111508,-0.0212178675649,0.0883768558433,0.0286282029798,0.00637701792847,0.0730438533075
-0.0772648587421,-0.0305555425225,-0.121383344047,-0.126295689353,0.067627229077,0.169408960016,0.0217105661889,0.0237803819193,0.0128745249283,-0.0341838243313,0.115939144641,0.0307116847174,0.0154613637331
-0.0758525171866,-0.148567079344,-0.0662539604805,0.0286745731363,-0.0669496410012,0.0217105661889,0.177475587898,0.0376972532662,0.178039815448,-0.0892090294671,0.0541085219894,0.0986974710396,-0.0574959779319
0.0125345672017,0.536136749357,0.570368060958,0.571441158625,0.109939111508,0.0237803819193,0.0376972532662,0.569336308521,0.307991655424,0.269003880389,-0.091604495464,-0.0841048123919,0.0475242890104
-0.00303648811858,0.215505856157,0.142379881782,0.331211914802,-0.0212178675649,0.0128745249283,0.178039815448,0.307991655424,0.41552992426,0.160196649398,-0.0486671376919,0.00964382103507,0.00630991199997
0.254001586782,0.538391984049,0.320630250309,0.327157217606,0.0883768558433,-0.0341838243313,-0.0892090294671,0.269003880389,0.160196649398,0.451424400075,-0.239701680396,-0.0898912845431,0.133737939333
-0.129183847527,-0.388111725914,-0.205472330348,-0.151791063727,0.0286282029798,0.115939144641,0.0541085219894,-0.091604495464,-0.0486671376919,-0.239701680396,0.287222823444,0.0938316517201,-0.0572463199494
-0.00338055865994,-0.383801493376,0.0225262033439,-0.0127174497762,0.00637701792847,0.0307116847174,0.0986974710396,-0.0841048123919,0.00964382103507,-0.0898912845431,0.0938316517201,0.249246406036,-0.0141782076904
0.00609709141585,0.0858323224673,0.131158438418,0.0580716265848,0.0730438533075,0.0154613637331,-0.0574959779319,0.0475242890104,0.00630991199997,0.133737939333,-0.0572463199494,-0.0141782076904,0.138238414483
