0.395801486524,0.284787819801,0.153799123038,0.15514603392,0.007137026721,-0.0772904370408,-0.0758247885601,0.0124839354153,-0.00300189246231,0.254022482843,-0.129212092503,-0.00335538955765,0.0060973465413
0.284787819801,1.491768138,0.700121865023,0.623046822314,0.103446943993,-0.0305792777908,-0.148512482772,0.536255322662,0.215661381327,0.538495281699,-0.38817367479,-0.383819886929,0.0858517537771
0.153799123038,0.700121865023,1.37282539601,1.01855455421,0.243479911771,-0.121400054456,-0.0662927480457,0.570528030606,0.142366742925,0.320716047717,-0.205484189735,0.0225343850546,0.131183150881
0.15514603392,0.623046822314,1.01855455421,0.986097421975,0.140198975331,-0.126305708489,0.0286293717714,0.571582899977,0.331207625751,0.327247950507,-0.151812382514,-0.0127409847739,0.0580872657836
0.007137026721,0.103446943993,0.243479911771,0.140198975331,0.140488469974,0.0676360880693,-0.0669522493053,0.109970168668,-0.0212141437693,0.088394517092,0.0286439834926,0.00639169642152,0.0730559784689
-0.0772904370408,-0.0305792777908,-0.121400054456,-0.126305708489,0.0676360880693,0.169433530762,0.0217330900529,0.0237744802673,0.0128979288369,-0.0341989444825,0.11596057006,0.0307282805444,0.0154625772955
-0.0758247885601,-0.148512482772,-0.0662927480457,0.0286293717714,-0.0669522493053,0.0217330900529,0.177445303926,0.0377423539352,0.178010556749,-0.0891761465321,0.0541017188173,0.098671969991,-0.057492462456
0.0124839354153,0.536255322662,0.570528030606,0.571582899977,0.109970168668,0.0237744802673,0.0377423539352,0.569356004147,0.308076201153,0.269012349542,-0.0916362020921,-0.084103478103,0.0475298964169
-0.00300189246231,0.215661381327,0.142366742925,0.331207625751,-0.0212141437693,0.0128979288369,0.178010556749,0.308076201153,0.415552287667,0.160285791789,-0.0487090781613,0.00959432887165,0.00633231952917
0.254022482843,0.538495281699,0.320716047717,0.327247950507,0.088394517092,-0.0341989444825,-0.0891761465321,0.269012349542,0.160285791789,0.451501570325,-0.239760999437,-0.0898841333467,0.133769748552
-0.129212092503,-0.38817367479,-0.205484189735,-0.151812382514,0.0286439834926,0.11596057006,0.0541017188173,-0.0916362020921,-0.0487090781613,-0.239760999437,0.287278821928,0.0938416296061,-0.0572630933128
-0.00335538955765,-0.383819886929,0.0225343850546,-0.0127409847739,0.00639169642152,0.0307282805444,0.098671969991,-0.084103478103,0.00959432887165,-0.0898841333467,0.0938416296061,0.249264742712,-0.0141747559774
0.0060973465413,0.0858517537771,0.131183150881,0.0580872657836,0.0730559784689,0.0154625772955,-0.057492462456,0.0475298964169,0.00633231952917,0.133769748552,-0.0572630933128,-0.0141747559774,0.138268254741
