0.52493172589,0.0277577896252,0.0749079776595,-0.165969390401,0.1040426883,0.0663982354954,0.0932834689034,0.0574526447881,0.152462655164,0.104567499166,0.0635608455618,0.0699933779317,0.275061347647
0.0277577896252,0.438957461483,0.0957230802477,0.103673755668,0.0795399807703,-0.0872678525713,-0.0970039547296,0.0450256834961,-0.0797082347007,0.00390783043734,-0.169926539516,-0.00558693148153,-0.0459344376599
0.0749079776595,0.0957230802477,0.681151263841,0.187840192709,0.202360231852,-0.0382308409798,-0.0220149164521,0.0883330136231,-0.0577760243584,-0.000984532134263,0.0307745340246,0.0579437978336,0.201288696981
-0.165969390401,0.103673755668,0.187840192709,0.487976708215,0.0386339671457,-0.0900541373133,-0.124246020487,0.00436687432639,-0.157955817391,-0.0524062673086,-0.0569803578248,-0.0305584630518,-0.10533173908
0.1040426883,0.0795399807703,0.202360231852,0.0386339671457,0.37509465124,0.0467518273334,0.0304375316576,-0.0141563728688,-0.0387628773053,0.0550949924152,-0.054023174619,0.0628896755516,0.118052819935
0.0663982354954,-0.0872678525713,-0.0382308409798,-0.0900541373133,0.0467518273334,0.321561176781,0.253319418301,-0.0692272719849,0.225006646381,0.0580576694117,0.0277265310797,0.0850706399154,0.03037637208
0.0932834689034,-0.0970039547296,-0.0220149164521,-0.124246020487,0.0304375316576,0.253319418301,0.2825702891,-0.0818305337342,0.277821836465,0.0663680994874,0.0923940989029,0.0853596263009,0.0937290463147
0.0574526447881,0.0450256834961,0.0883330136231,0.00436687432639,-0.0141563728688,-0.0692272719849,-0.0818305337342,0.264758834709,-0.0613504029902,-0.0126943813934,0.00452410357322,-0.133608951848,-0.0248716654961
0.152462655164,-0.0797082347007,-0.0577760243584,-0.157955817391,-0.0387628773053,0.225006646381,0.277821836465,-0.0613504029902,0.641517961289,0.151229914263,0.148945131426,0.0579152348381,0.09100798535
0.104567499166,0.00390783043734,-0.000984532134263,-0.0524062673086,0.0550949924152,0.0580576694117,0.0663680994874,-0.0126943813934,0.151229914263,0.275980694881,-0.0373687008272,-0.0698270954932,0.132620600936
0.0635608455618,-0.169926539516,0.0307745340246,-0.0569803578248,-0.054023174619,0.0277265310797,0.0923940989029,0.00452410357322,0.148945131426,-0.0373687008272,0.28278599059,-0.00394755705382,0.104607751001
0.0699933779317,-0.00558693148153,0.0579437978336,-0.0305584630518,0.0628896755516,0.0850706399154,0.0853596263009,-0.133608951848,0.0579152348381,-0.0698270954932,-0.00394755705382,0.352324273127,0.00863125388389
0.275061347647,-0.0459344376599,0.201288696981,-0.10533173908,0.118052819935,0.03037637208,0.0937290463147,-0.0248716654961,0.09100798535,0.132620600936,0.104607751001,0.00863125388389,0.593022192228
