0.622570600796,-0.0813712535729,0.239951376827,0.227940040896,-0.561674632081,0.45033158702,0.000578742909041,0.463917300806,0.105113771247,0.902715015422,-0.387921440861,-0.125091904021,-0.11698178351
-0.0813712535729,0.332781630246,0.304501432979,0.506381128199,-0.323700913356,-0.0713183148467,-0.186560882534,0.162083934415,-0.28926066251,0.157825424673,-0.181223266257,-0.0412594742339,-0.0382194981382
0.239951376827,0.304501432979,0.813716511368,0.793688235142,-0.596292211987,0.238480277469,-0.245848781637,0.180405913349,-0.305653178095,0.747969222067,-0.508246290273,-0.141508177062,-0.218519648464
0.227940040896,0.506381128199,0.793688235142,1.17830437529,-0.885850652205,0.0825418155526,-0.302757444711,0.372019525486,-0.275342076841,0.954585043772,-0.686917662099,-0.223357312154,-0.162841690756
-0.561674632081,-0.323700913356,-0.596292211987,-0.885850652205,2.04906377705,0.0132972565734,0.496262730545,-0.982074880672,1.04476165045,-1.32264552083,0.924191938599,0.465104403918,0.20549832611
0.45033158702,-0.0713183148467,0.238480277469,0.0825418155526,0.0132972565734,0.775565466767,0.100516150565,0.588323737807,0.53637096807,0.641421050519,-0.0389413050263,0.18616550438,-0.00721000907525
0.000578742909041,-0.186560882534,-0.245848781637,-0.302757444711,0.496262730545,0.100516150565,0.204664109228,-0.178918771904,0.486065161087,-0.157131889588,0.199534833478,0.112462835711,0.0602658213151
0.463917300806,0.162083934415,0.180405913349,0.372019525486,-0.982074880672,0.588323737807,-0.178918771904,1.47387108905,-0.118708692676,0.869793831688,-0.212173000565,0.0802372921678,0.174723407797
0.105113771247,-0.28926066251,-0.305653178095,-0.275342076841,1.04476165045,0.53637096807,0.486065161087,-0.118708692676,2.33005194926,0.54210154521,0.214211646295,0.490810521539,0.2096872753
0.902715015422,0.157825424673,0.747969222067,0.954585043772,-1.32264552083,0.641421050519,-0.157131889588,0.869793831688,0.54210154521,2.13331299984,-1.04626571299,-0.245653608739,-0.209216364195
-0.387921440861,-0.181223266257,-0.508246290273,-0.686917662099,0.924191938599,-0.0389413050263,0.199534833478,-0.212173000565,0.214211646295,-1.04626571299,0.74296882978,0.357831926633,0.217698315214
-0.125091904021,-0.0412594742339,-0.141508177062,-0.223357312154,0.465104403918,0.18616550438,0.112462835711,0.0802372921678,0.490810521539,-0.245653608739,0.357831926633,0.320976604218,0.14108989624
-0.11698178351,-0.0382194981382,-0.218519648464,-0.162841690756,0.20549832611,-0.00721000907525,0.0602658213151,0.174723407797,0.2096872753,-0.209216364195,0.217698315214,0.14108989624,0.209103138066
